    1.5000000000E+01    9.9915038107E-06
    1.5000000000E+01    1.9983007621E-05
    1.5000000000E+01    2.9974511432E-05
    1.5000000000E+01    3.9966015243E-05
    1.5000000000E+01    4.9957519053E-05
    1.5000000000E+01    5.9949022864E-05
    1.5000000000E+01    6.9940526675E-05
    1.5000000000E+01    7.9932030485E-05
    1.5000000000E+01    8.9923534296E-05
    1.5000000000E+01    9.9915038107E-05
    1.5000000000E+01    1.0990654192E-04
    1.5000000000E+01    1.1989804573E-04
    1.5000000000E+01    1.2988954954E-04
    1.5000000000E+01    1.3988105335E-04
    1.5000000000E+01    1.4987255716E-04
    1.5000000000E+01    1.5986406097E-04
    1.5000000000E+01    1.6985556478E-04
    1.5000000000E+01    1.7984706859E-04
    1.5000000000E+01    1.8983857240E-04
    1.5000000000E+01    1.9983007621E-04
    1.5000000000E+01    2.0982158002E-04
    1.5000000000E+01    2.1981308383E-04
    1.5000000000E+01    2.2980458764E-04
    1.5000000000E+01    2.3979609146E-04
    1.5000000000E+01    2.4978759527E-04
    1.5000000000E+01    2.5977909908E-04
    1.5000000000E+01    2.6977060289E-04
    1.5000000000E+01    2.7976210670E-04
    1.5000000000E+01    2.8975361051E-04
    1.5000000000E+01    2.9974511432E-04
    1.5000000000E+01    3.0973661813E-04
    1.5000000000E+01    3.1972812194E-04
    1.5000000000E+01    3.2971962575E-04
    1.5000000000E+01    3.3971112956E-04
    1.5000000000E+01    3.4970263337E-04
    1.5000000000E+01    3.5969413718E-04
    1.5000000000E+01    3.6968564099E-04
    1.5000000000E+01    3.7967714480E-04
    1.5000000000E+01    3.8966864862E-04
    1.5000000000E+01    3.9966015243E-04
    1.5000000000E+01    4.0965165624E-04
    1.5000000000E+01    4.1964316005E-04
    1.5000000000E+01    4.2963466386E-04
    1.5000000000E+01    4.3962616767E-04
    1.5000000000E+01    4.4961767148E-04
    1.5000000000E+01    4.5960917529E-04
    1.5000000000E+01    4.6960067910E-04
    1.5000000000E+01    4.7959218291E-04
    1.5000000000E+01    4.8958368672E-04
    1.5000000000E+01    4.9957519053E-04
    1.5000000000E+01    5.0956669434E-04
    1.5000000000E+01    5.1955819815E-04
    1.5000000000E+01    5.2954970196E-04
    1.5000000000E+01    5.3954120578E-04
    1.5000000000E+01    5.4953270959E-04
    1.5000000000E+01    5.5952421340E-04
    1.5000000000E+01    5.6951571721E-04
    1.5000000000E+01    5.7950722102E-04
    1.5000000000E+01    5.8949872483E-04
    1.5000000000E+01    5.9949022864E-04
    1.5000000000E+01    6.0948173245E-04
    1.5000000000E+01    6.1947323626E-04
    1.5000000000E+01    6.2946474007E-04
    1.5000000000E+01    6.3945624388E-04
    1.5000000000E+01    6.4944774769E-04
    1.5000000000E+01    6.5943925150E-04
    1.5000000000E+01    6.6943075531E-04
    1.5000000000E+01    6.7942225912E-04
    1.5000000000E+01    6.8941376293E-04
    1.5000000000E+01    6.9940526675E-04
    1.5000000000E+01    7.0939677056E-04
    1.5000000000E+01    7.1938827437E-04
    1.5000000000E+01    7.2937977818E-04
    1.5000000000E+01    7.3937128199E-04
    1.5000000000E+01    7.4936278580E-04
    1.5000000000E+01    7.5935428961E-04
    1.5000000000E+01    7.6934579342E-04
    1.5000000000E+01    7.7933729723E-04
    1.5000000000E+01    7.8932880104E-04
    1.5000000000E+01    7.9932030485E-04
    1.5000000000E+01    8.0931180866E-04
    1.5000000000E+01    8.1930331247E-04
    1.5000000000E+01    8.2929481628E-04
    1.5000000000E+01    8.3928632009E-04
    1.5000000000E+01    8.4927782391E-04
    1.5000000000E+01    8.5926932772E-04
    1.5000000000E+01    8.6926083153E-04
    1.5000000000E+01    8.7925233534E-04
    1.5000000000E+01    8.8924383915E-04
    1.5000000000E+01    8.9923534296E-04
    1.5000000000E+01    9.0922684677E-04
    1.5000000000E+01    9.1921835058E-04
    1.5000000000E+01    9.2920985439E-04
    1.5000000000E+01    9.3920135820E-04
    1.5000000000E+01    9.4919286201E-04
    1.5000000000E+01    9.5918436582E-04
    1.5000000000E+01    9.6917586963E-04
    1.5000000000E+01    9.7916737344E-04
    1.5000000000E+01    9.8915887725E-04
    1.5000000000E+01    9.9915038107E-04
    1.5000000000E+01    1.0091418849E-03
    1.5000000000E+01    1.0191333887E-03
    1.5000000000E+01    1.0291248925E-03
    1.5000000000E+01    1.0391163963E-03
    1.5000000000E+01    1.0491079001E-03
    1.5000000000E+01    1.0590994039E-03
    1.5000000000E+01    1.0690909077E-03
    1.5000000000E+01    1.0790824116E-03
    1.5000000000E+01    1.0890739154E-03
    1.5000000000E+01    1.0990654192E-03
    1.5000000000E+01    1.1090569230E-03
    1.5000000000E+01    1.1190484268E-03
    1.5000000000E+01    1.1290399306E-03
    1.5000000000E+01    1.1390314344E-03
    1.5000000000E+01    1.1490229382E-03
    1.5000000000E+01    1.1590144420E-03
    1.5000000000E+01    1.1690059458E-03
    1.5000000000E+01    1.1789974497E-03
    1.5000000000E+01    1.1889889535E-03
    1.5000000000E+01    1.1989804573E-03
    1.5000000000E+01    1.2089719611E-03
    1.5000000000E+01    1.2189634649E-03
    1.5000000000E+01    1.2289549687E-03
    1.5000000000E+01    1.2389464725E-03
    1.5000000000E+01    1.2489379763E-03
    1.5000000000E+01    1.2589294801E-03
    1.5000000000E+01    1.2689209840E-03
    1.5000000000E+01    1.2789124878E-03
    1.5000000000E+01    1.2889039916E-03
    1.5000000000E+01    1.2988954954E-03
    1.5000000000E+01    1.3088869992E-03
    1.5000000000E+01    1.3188785030E-03
    1.5000000000E+01    1.3288700068E-03
    1.5000000000E+01    1.3388615106E-03
    1.5000000000E+01    1.3488530144E-03
    1.5000000000E+01    1.3588445182E-03
    1.5000000000E+01    1.3688360221E-03
    1.5000000000E+01    1.3788275259E-03
    1.5000000000E+01    1.3888190297E-03
    1.5000000000E+01    1.3988105335E-03
    1.5000000000E+01    1.4088020373E-03
    1.5000000000E+01    1.4187935411E-03
    1.5000000000E+01    1.4287850449E-03
    1.5000000000E+01    1.4387765487E-03
    1.5000000000E+01    1.4487680525E-03
    1.5000000000E+01    1.4587595564E-03
    1.5000000000E+01    1.4687510602E-03
    1.5000000000E+01    1.4787425640E-03
    1.5000000000E+01    1.4887340678E-03
    1.5000000000E+01    1.4987255716E-03
    1.5000000000E+01    1.5087170754E-03
    1.5000000000E+01    1.5187085792E-03
    1.5000000000E+01    1.5287000830E-03
    1.5000000000E+01    1.5386915868E-03
    1.5000000000E+01    1.5486830907E-03
    1.5000000000E+01    1.5586745945E-03
    1.5000000161E+01    1.5686660983E-03
    1.5000000000E+01    1.5786576021E-03
    1.5000000000E+01    1.5886491059E-03
    1.5000000000E+01    1.5986406097E-03
    1.5000000000E+01    1.6086321135E-03
    1.5000000000E+01    1.6186236173E-03
    1.5000000000E+01    1.6286151211E-03
    1.5000000000E+01    1.6386066249E-03
    1.5000000000E+01    1.6485981288E-03
    1.5000332655E+01    1.6585896326E-03
    1.5000000000E+01    1.6685811364E-03
    1.5000000000E+01    1.6785726402E-03
    1.5000000000E+01    1.6885641440E-03
    1.5000000000E+01    1.6985556478E-03
    1.5000000000E+01    1.7085471516E-03
    1.5000000000E+01    1.7185386554E-03
    1.5000000000E+01    1.7285301592E-03
    1.5000512884E+01    1.7385216631E-03
    1.5000000000E+01    1.7485131669E-03
    1.5153382664E+01    1.7585046707E-03
    1.5000000000E+01    1.7684961745E-03
    1.5000000000E+01    1.7784876783E-03
    1.5000000000E+01    1.7884791821E-03
    1.5000000000E+01    1.7984706859E-03
    1.5000000000E+01    1.8084621897E-03
    1.5000000000E+01    1.8184536935E-03
    1.5000000000E+01    1.8284451973E-03
    1.5313358457E+01    1.8384367012E-03
    1.5328011740E+01    1.8484282050E-03
    1.5643524695E+01    1.8584197088E-03
    1.5239218960E+01    1.8684112126E-03
    1.5167462096E+01    1.8784027164E-03
    1.5504422023E+01    1.8883942202E-03
    1.5000000000E+01    1.8983857240E-03
    1.5045136227E+01    1.9083772278E-03
    1.5001853314E+01    1.9183687316E-03
    1.5296083905E+01    1.9283602355E-03
    1.5003534678E+01    1.9383517393E-03
    1.5080864888E+01    1.9483432431E-03
    1.5038502767E+01    1.9583347469E-03
    1.5000224310E+01    1.9683262507E-03
    1.5000000000E+01    1.9783177545E-03
    1.5246294148E+01    1.9883092583E-03
    1.5000000000E+01    1.9983007621E-03
    1.5000000000E+01    2.0082922659E-03
    1.5000000000E+01    2.0182837698E-03
    1.5000031068E+01    2.0282752736E-03
    1.5483735494E+01    2.0382667774E-03
    1.5000000000E+01    2.0482582812E-03
    1.5000000000E+01    2.0582497850E-03
    1.5000000000E+01    2.0682412888E-03
    1.5330940593E+01    2.0782327926E-03
    1.5000000000E+01    2.0882242964E-03
    1.5279816595E+01    2.0982158002E-03
    1.5004214201E+01    2.1082073040E-03
    1.5000000000E+01    2.1181988079E-03
    1.5000000000E+01    2.1281903117E-03
    1.5000000000E+01    2.1381818155E-03
    1.5000000000E+01    2.1481733193E-03
    1.5000000000E+01    2.1581648231E-03
    1.5000000000E+01    2.1681563269E-03
    1.5000000000E+01    2.1781478307E-03
    1.5000004301E+01    2.1881393345E-03
    1.5000000000E+01    2.1981308383E-03
    1.5000000000E+01    2.2081223422E-03
    1.5000000000E+01    2.2181138460E-03
    1.5502372094E+01    2.2281053498E-03
    1.5000000000E+01    2.2380968536E-03
    1.5000000000E+01    2.2480883574E-03
    1.5000000000E+01    2.2580798612E-03
    1.5000000000E+01    2.2680713650E-03
    1.5312553110E+01    2.2780628688E-03
    1.5000000000E+01    2.2880543726E-03
    1.5000000000E+01    2.2980458764E-03
    1.5000000000E+01    2.3080373803E-03
    1.5044501289E+01    2.3180288841E-03
    1.5000000000E+01    2.3280203879E-03
    1.5000000000E+01    2.3380118917E-03
    1.5000000000E+01    2.3480033955E-03
    1.5000000000E+01    2.3579948993E-03
    1.5000000000E+01    2.3679864031E-03
    1.5000000000E+01    2.3779779069E-03
    1.5000000000E+01    2.3879694107E-03
    1.5000000000E+01    2.3979609146E-03
    1.5000000000E+01    2.4079524184E-03
    1.5000000000E+01    2.4179439222E-03
    1.5000000000E+01    2.4279354260E-03
    1.5000000000E+01    2.4379269298E-03
    1.5000000000E+01    2.4479184336E-03
    1.5029020014E+01    2.4579099374E-03
    1.5000000000E+01    2.4679014412E-03
    1.5000056525E+01    2.4778929450E-03
    1.5000000000E+01    2.4878844489E-03
    1.5000000000E+01    2.4978759527E-03
    1.5000000000E+01    2.5078674565E-03
    1.5000000000E+01    2.5178589603E-03
    1.5000000000E+01    2.5278504641E-03
    1.5000000000E+01    2.5378419679E-03
    1.5000144234E+01    2.5478334717E-03
    1.5000000000E+01    2.5578249755E-03
    1.5000000000E+01    2.5678164793E-03
    1.5000000000E+01    2.5778079831E-03
    1.5000000000E+01    2.5877994870E-03
    1.5000000000E+01    2.5977909908E-03
    1.5021540194E+01    2.6077824946E-03
    1.5000000000E+01    2.6177739984E-03
    1.5006205840E+01    2.6277655022E-03
    1.5000000000E+01    2.6377570060E-03
    1.5000000000E+01    2.6477485098E-03
    1.5000000000E+01    2.6577400136E-03
    1.5172268615E+01    2.6677315174E-03
    1.5001879210E+01    2.6777230213E-03
    1.5456541624E+01    2.6877145251E-03
    1.5004149605E+01    2.6977060289E-03
    1.5000000000E+01    2.7076975327E-03
    1.5004050025E+01    2.7176890365E-03
    1.5000000000E+01    2.7276805403E-03
    1.5000850432E+01    2.7376720441E-03
    1.5057594628E+01    2.7476635479E-03
    1.5023002968E+01    2.7576550517E-03
    1.5000000000E+01    2.7676465556E-03
    1.5000000000E+01    2.7776380594E-03
    1.5000000000E+01    2.7876295632E-03
    1.5109489532E+01    2.7976210670E-03
    1.5344163977E+01    2.8076125708E-03
    1.5000000000E+01    2.8176040746E-03
    1.5000000000E+01    2.8275955784E-03
    1.5000000000E+01    2.8375870822E-03
    1.5000000000E+01    2.8475785860E-03
    1.5000000000E+01    2.8575700898E-03
    1.5375633660E+01    2.8675615937E-03
    1.5000000000E+01    2.8775530975E-03
    1.5000000000E+01    2.8875446013E-03
    1.5002218134E+01    2.8975361051E-03
    1.5000000000E+01    2.9075276089E-03
    1.5000000000E+01    2.9175191127E-03
    1.5047396572E+01    2.9275106165E-03
    1.5000000000E+01    2.9375021203E-03
    1.5019201845E+01    2.9474936241E-03
    1.5000948081E+01    2.9574851280E-03
    1.5169814011E+01    2.9674766318E-03
    1.5321025398E+01    2.9774681356E-03
    1.5000000000E+01    2.9874596394E-03
    1.5000000000E+01    2.9974511432E-03
    1.5000000000E+01    3.0074426470E-03
    1.5001508736E+01    3.0174341508E-03
    1.5004688740E+01    3.0274256546E-03
    1.5000000000E+01    3.0374171584E-03
    1.5017355103E+01    3.0474086622E-03
    1.5000000000E+01    3.0574001661E-03
    1.5000000725E+01    3.0673916699E-03
    1.5546418409E+01    3.0773831737E-03
    1.5000000000E+01    3.0873746775E-03
    1.5497017011E+01    3.0973661813E-03
    1.5000000000E+01    3.1073576851E-03
    1.5000000000E+01    3.1173491889E-03
    1.5000000000E+01    3.1273406927E-03
    1.5000000000E+01    3.1373321965E-03
    1.5004298392E+01    3.1473237004E-03
    1.5000000000E+01    3.1573152042E-03
    1.5743571233E+01    3.1673067080E-03
    1.5000000000E+01    3.1772982118E-03
    1.5012782024E+01    3.1872897156E-03
    1.5000000000E+01    3.1972812194E-03
    1.5000000000E+01    3.2072727232E-03
    1.5000000000E+01    3.2172642270E-03
    1.5000000000E+01    3.2272557308E-03
    1.5000000000E+01    3.2372472347E-03
    1.5000000000E+01    3.2472387385E-03
    1.5000000000E+01    3.2572302423E-03
    1.5000000000E+01    3.2672217461E-03
    1.5000000000E+01    3.2772132499E-03
    1.5000000000E+01    3.2872047537E-03
    1.5000000000E+01    3.2971962575E-03
    1.5000000000E+01    3.3071877613E-03
    1.5000000000E+01    3.3171792651E-03
    1.5000000000E+01    3.3271707689E-03
    1.5000000000E+01    3.3371622728E-03
    1.5000000000E+01    3.3471537766E-03
    1.5000000000E+01    3.3571452804E-03
    1.5000000000E+01    3.3671367842E-03
    1.5000000000E+01    3.3771282880E-03
    1.5000000000E+01    3.3871197918E-03
    1.5000000000E+01    3.3971112956E-03
    1.5000000000E+01    3.4071027994E-03
    1.5000000000E+01    3.4170943032E-03
    1.5000000000E+01    3.4270858071E-03
    1.5000000000E+01    3.4370773109E-03
    1.5000000000E+01    3.4470688147E-03
    1.5000000000E+01    3.4570603185E-03
    1.5000000000E+01    3.4670518223E-03
    1.5000000000E+01    3.4770433261E-03
    1.5000000000E+01    3.4870348299E-03
    1.5000000000E+01    3.4970263337E-03
    1.5000000000E+01    3.5070178375E-03
    1.5000000000E+01    3.5170093413E-03
    1.5000000000E+01    3.5270008452E-03
    1.5000000000E+01    3.5369923490E-03
    1.5000000000E+01    3.5469838528E-03
    1.5000000000E+01    3.5569753566E-03
    1.5000000000E+01    3.5669668604E-03
    1.5000000000E+01    3.5769583642E-03
    1.5000000000E+01    3.5869498680E-03
    1.5000000000E+01    3.5969413718E-03
    1.5000000000E+01    3.6069328756E-03
    1.5000000000E+01    3.6169243795E-03
    1.5000000000E+01    3.6269158833E-03
    1.5000000000E+01    3.6369073871E-03
    1.5000000000E+01    3.6468988909E-03
    1.5000000000E+01    3.6568903947E-03
    1.5000000000E+01    3.6668818985E-03
    1.5000000000E+01    3.6768734023E-03
    1.5000000000E+01    3.6868649061E-03
    1.5000000000E+01    3.6968564099E-03
    1.5000000000E+01    3.7068479138E-03
    1.5000000000E+01    3.7168394176E-03
    1.5000000000E+01    3.7268309214E-03
    1.5000000000E+01    3.7368224252E-03
    1.5000000000E+01    3.7468139290E-03
    1.5000000000E+01    3.7568054328E-03
    1.5000000000E+01    3.7667969366E-03
    1.5000000000E+01    3.7767884404E-03
    1.5000000000E+01    3.7867799442E-03
    1.5000000000E+01    3.7967714480E-03
    1.5000000000E+01    3.8067629519E-03
    1.5000000000E+01    3.8167544557E-03
    1.5000000000E+01    3.8267459595E-03
    1.5000000000E+01    3.8367374633E-03
    1.5000000000E+01    3.8467289671E-03
    1.5000000000E+01    3.8567204709E-03
    1.5000000000E+01    3.8667119747E-03
    1.5000000000E+01    3.8767034785E-03
    1.5000000000E+01    3.8866949823E-03
    1.5000000000E+01    3.8966864862E-03
    1.5000000000E+01    3.9066779900E-03
    1.5000000000E+01    3.9166694938E-03
    1.5000000000E+01    3.9266609976E-03
    1.5000000000E+01    3.9366525014E-03
    1.5000000000E+01    3.9466440052E-03
    1.5000000000E+01    3.9566355090E-03
    1.5000000000E+01    3.9666270128E-03
    1.5000000000E+01    3.9766185166E-03
    1.5000000000E+01    3.9866100204E-03
    1.5000000000E+01    3.9966015243E-03
    1.5000000000E+01    4.0065930281E-03
    1.5000000000E+01    4.0165845319E-03
    1.5000000000E+01    4.0265760357E-03
    1.5000000000E+01    4.0365675395E-03
    1.5000000000E+01    4.0465590433E-03
    1.5000000000E+01    4.0565505471E-03
    1.5000000000E+01    4.0665420509E-03
    1.5000000000E+01    4.0765335547E-03
    1.5000000000E+01    4.0865250586E-03
    1.5000000000E+01    4.0965165624E-03
    1.5000000000E+01    4.1065080662E-03
    1.5000000000E+01    4.1164995700E-03
    1.5000000000E+01    4.1264910738E-03
    1.5000000000E+01    4.1364825776E-03
    1.5000000000E+01    4.1464740814E-03
    1.5000000000E+01    4.1564655852E-03
    1.5000000000E+01    4.1664570890E-03
    1.5000000000E+01    4.1764485929E-03
    1.5000000000E+01    4.1864400967E-03
    1.5000000000E+01    4.1964316005E-03
    1.5000000000E+01    4.2064231043E-03
    1.5000000000E+01    4.2164146081E-03
    1.5000000000E+01    4.2264061119E-03
    1.5000000000E+01    4.2363976157E-03
    1.5000000000E+01    4.2463891195E-03
    1.5000000000E+01    4.2563806233E-03
    1.5000000000E+01    4.2663721271E-03
    1.5000000000E+01    4.2763636310E-03
    1.5000000000E+01    4.2863551348E-03
    1.5000000000E+01    4.2963466386E-03
    1.5000000000E+01    4.3063381424E-03
    1.5000000000E+01    4.3163296462E-03
    1.5000000000E+01    4.3263211500E-03
    1.5000000000E+01    4.3363126538E-03
    1.5000000000E+01    4.3463041576E-03
    1.5000000000E+01    4.3562956614E-03
    1.5000000000E+01    4.3662871653E-03
    1.5000000000E+01    4.3762786691E-03
    1.5000000000E+01    4.3862701729E-03
    1.5000000000E+01    4.3962616767E-03
    1.5000000000E+01    4.4062531805E-03
    1.5000000000E+01    4.4162446843E-03
    1.5000000000E+01    4.4262361881E-03
    1.5000000000E+01    4.4362276919E-03
    1.5000000000E+01    4.4462191957E-03
    1.5000000000E+01    4.4562106996E-03
    1.5000000000E+01    4.4662022034E-03
    1.5000000000E+01    4.4761937072E-03
    1.5000000000E+01    4.4861852110E-03
    1.5000000000E+01    4.4961767148E-03
    1.5000000000E+01    4.5061682186E-03
    1.5000000000E+01    4.5161597224E-03
    1.5000000000E+01    4.5261512262E-03
    1.5000000000E+01    4.5361427300E-03
    1.5000000000E+01    4.5461342338E-03
    1.5000000000E+01    4.5561257377E-03
    1.5000000000E+01    4.5661172415E-03
    1.5000000000E+01    4.5761087453E-03
    1.5000000000E+01    4.5861002491E-03
    1.5000000000E+01    4.5960917529E-03
    1.5000000000E+01    4.6060832567E-03
    1.5000000000E+01    4.6160747605E-03
    1.5000000000E+01    4.6260662643E-03
    1.5000000000E+01    4.6360577681E-03
    1.5000000000E+01    4.6460492720E-03
    1.5000000000E+01    4.6560407758E-03
    1.5000000000E+01    4.6660322796E-03
    1.5000000000E+01    4.6760237834E-03
    1.5000000000E+01    4.6860152872E-03
    1.5000000000E+01    4.6960067910E-03
    1.5000000000E+01    4.7059982948E-03
    1.5000000000E+01    4.7159897986E-03
    1.5000000000E+01    4.7259813024E-03
    1.5000000000E+01    4.7359728062E-03
    1.5000000000E+01    4.7459643101E-03
    1.5000000000E+01    4.7559558139E-03
    1.5000000000E+01    4.7659473177E-03
    1.5000000000E+01    4.7759388215E-03
    1.5000000000E+01    4.7859303253E-03
    1.5000000000E+01    4.7959218291E-03
    1.5000000000E+01    4.8059133329E-03
    1.5000000000E+01    4.8159048367E-03
    1.5000000000E+01    4.8258963405E-03
    1.5000000000E+01    4.8358878444E-03
    1.5000000000E+01    4.8458793482E-03
    1.5000000000E+01    4.8558708520E-03
    1.5000000000E+01    4.8658623558E-03
    1.5000000000E+01    4.8758538596E-03
    1.5000000000E+01    4.8858453634E-03
    1.5000000000E+01    4.8958368672E-03
    1.5000000000E+01    4.9058283710E-03
    1.5000000000E+01    4.9158198748E-03
    1.5000000000E+01    4.9258113787E-03
    1.5000000000E+01    4.9358028825E-03
    1.5000000000E+01    4.9457943863E-03
    1.5000000000E+01    4.9557858901E-03
    1.5000000000E+01    4.9657773939E-03
    1.5000000000E+01    4.9757688977E-03
    1.5000000000E+01    4.9857604015E-03
    1.5000000000E+01    4.9957519053E-03
    1.5000000000E+01    5.0057434091E-03
    1.5000000000E+01    5.0157349129E-03
    1.5000000000E+01    5.0257264168E-03
    1.5000000000E+01    5.0357179206E-03
    1.5000000000E+01    5.0457094244E-03
    1.5000000000E+01    5.0557009282E-03
    1.5000000000E+01    5.0656924320E-03
    1.5000000000E+01    5.0756839358E-03
    1.5000000000E+01    5.0856754396E-03
    1.5000000000E+01    5.0956669434E-03
    1.5000000000E+01    5.1056584472E-03
    1.5000000000E+01    5.1156499511E-03
    1.5000000000E+01    5.1256414549E-03
    1.5000000000E+01    5.1356329587E-03
    1.5000000000E+01    5.1456244625E-03
    1.5000000000E+01    5.1556159663E-03
    1.5000000000E+01    5.1656074701E-03
    1.5000000000E+01    5.1755989739E-03
    1.5000000000E+01    5.1855904777E-03
    1.5000000000E+01    5.1955819815E-03
    1.5000000000E+01    5.2055734853E-03
    1.5000000000E+01    5.2155649892E-03
    1.5000000000E+01    5.2255564930E-03
    1.5000000000E+01    5.2355479968E-03
    1.5000000000E+01    5.2455395006E-03
    1.5000000000E+01    5.2555310044E-03
    1.5000000000E+01    5.2655225082E-03
    1.5000000000E+01    5.2755140120E-03
    1.5000000000E+01    5.2855055158E-03
    1.5000000000E+01    5.2954970196E-03
    1.5000000000E+01    5.3054885235E-03
    1.5000000000E+01    5.3154800273E-03
    1.5000000000E+01    5.3254715311E-03
    1.5000000000E+01    5.3354630349E-03
    1.5000000000E+01    5.3454545387E-03
    1.5000000000E+01    5.3554460425E-03
    1.5000000000E+01    5.3654375463E-03
    1.5000000000E+01    5.3754290501E-03
    1.5000000000E+01    5.3854205539E-03
    1.5000000000E+01    5.3954120578E-03
    1.5000000000E+01    5.4054035616E-03
    1.5000000000E+01    5.4153950654E-03
    1.5000000000E+01    5.4253865692E-03
    1.5000000000E+01    5.4353780730E-03
    1.5000000000E+01    5.4453695768E-03
    1.5000000000E+01    5.4553610806E-03
    1.5000000000E+01    5.4653525844E-03
    1.5000000000E+01    5.4753440882E-03
    1.5000000000E+01    5.4853355920E-03
    1.5000000000E+01    5.4953270959E-03
    1.5000000000E+01    5.5053185997E-03
    1.5000000000E+01    5.5153101035E-03
    1.5000000000E+01    5.5253016073E-03
    1.5000000000E+01    5.5352931111E-03
    1.5000000000E+01    5.5452846149E-03
    1.5000000000E+01    5.5552761187E-03
    1.5000000000E+01    5.5652676225E-03
    1.5000000000E+01    5.5752591263E-03
    1.5000000000E+01    5.5852506302E-03
    1.5000000000E+01    5.5952421340E-03
    1.5000000000E+01    5.6052336378E-03
    1.5000000000E+01    5.6152251416E-03
    1.5000000000E+01    5.6252166454E-03
    1.5000000000E+01    5.6352081492E-03
    1.5000000000E+01    5.6451996530E-03
    1.5000000000E+01    5.6551911568E-03
    1.5000000000E+01    5.6651826606E-03
    1.5000000000E+01    5.6751741644E-03
    1.5000000000E+01    5.6851656683E-03
    1.5000000000E+01    5.6951571721E-03
    1.5000000000E+01    5.7051486759E-03
    1.5000000000E+01    5.7151401797E-03
    1.5000000000E+01    5.7251316835E-03
    1.5000000000E+01    5.7351231873E-03
    1.5000000000E+01    5.7451146911E-03
    1.5000000000E+01    5.7551061949E-03
    1.5000000000E+01    5.7650976987E-03
    1.5000000000E+01    5.7750892026E-03
    1.5000000000E+01    5.7850807064E-03
    1.5000000000E+01    5.7950722102E-03
    1.5000000000E+01    5.8050637140E-03
    1.5000000000E+01    5.8150552178E-03
    1.5000000000E+01    5.8250467216E-03
    1.5000000000E+01    5.8350382254E-03
    1.5000000000E+01    5.8450297292E-03
    1.5000000000E+01    5.8550212330E-03
    1.5000000000E+01    5.8650127369E-03
    1.5000000000E+01    5.8750042407E-03
    1.5000000000E+01    5.8849957445E-03
    1.5000000000E+01    5.8949872483E-03
    1.5000000000E+01    5.9049787521E-03
    1.5000000000E+01    5.9149702559E-03
    1.5000000000E+01    5.9249617597E-03
    1.5000000000E+01    5.9349532635E-03
    1.5000000000E+01    5.9449447673E-03
    1.5000000000E+01    5.9549362711E-03
    1.5000000000E+01    5.9649277750E-03
    1.5000000000E+01    5.9749192788E-03
    1.5000000000E+01    5.9849107826E-03
    1.5000000000E+01    5.9949022864E-03
    1.5000000000E+01    6.0048937902E-03
    1.5000000000E+01    6.0148852940E-03
    1.5000000000E+01    6.0248767978E-03
    1.5000000000E+01    6.0348683016E-03
    1.5000000000E+01    6.0448598054E-03
    1.5000000000E+01    6.0548513093E-03
    1.5000000000E+01    6.0648428131E-03
    1.5000000000E+01    6.0748343169E-03
    1.5000000000E+01    6.0848258207E-03
    1.5000000000E+01    6.0948173245E-03
    1.5000000000E+01    6.1048088283E-03
    1.5000000000E+01    6.1148003321E-03
    1.5000000000E+01    6.1247918359E-03
    1.5000000000E+01    6.1347833397E-03
    1.5000000000E+01    6.1447748435E-03
    1.5000000000E+01    6.1547663474E-03
    1.5000000000E+01    6.1647578512E-03
    1.5000000000E+01    6.1747493550E-03
    1.5000000000E+01    6.1847408588E-03
    1.5000000000E+01    6.1947323626E-03
    1.5000000000E+01    6.2047238664E-03
    1.5000000000E+01    6.2147153702E-03
    1.5000000000E+01    6.2247068740E-03
    1.5000000000E+01    6.2346983778E-03
    1.5000000000E+01    6.2446898817E-03
    1.5000000000E+01    6.2546813855E-03
    1.5000000000E+01    6.2646728893E-03
    1.5000000000E+01    6.2746643931E-03
    1.5000000000E+01    6.2846558969E-03
    1.5000000000E+01    6.2946474007E-03
    1.5000000000E+01    6.3046389045E-03
    1.5000000000E+01    6.3146304083E-03
    1.5000000000E+01    6.3246219121E-03
    1.5000000000E+01    6.3346134160E-03
    1.5000000000E+01    6.3446049198E-03
    1.5000000000E+01    6.3545964236E-03
    1.5000000000E+01    6.3645879274E-03
    1.5000000000E+01    6.3745794312E-03
    1.5000000000E+01    6.3845709350E-03
    1.5000000000E+01    6.3945624388E-03
    1.5000000000E+01    6.4045539426E-03
    1.5000000000E+01    6.4145454464E-03
    1.5000000000E+01    6.4245369502E-03
    1.5000000000E+01    6.4345284541E-03
    1.5000000000E+01    6.4445199579E-03
    1.5000000000E+01    6.4545114617E-03
    1.5000000000E+01    6.4645029655E-03
    1.5000000000E+01    6.4744944693E-03
    1.5000000000E+01    6.4844859731E-03
    1.5000000000E+01    6.4944774769E-03
    1.5000000000E+01    6.5044689807E-03
    1.5000000000E+01    6.5144604845E-03
    1.5000000000E+01    6.5244519884E-03
    1.5000000000E+01    6.5344434922E-03
    1.5000000000E+01    6.5444349960E-03
    1.5000000000E+01    6.5544264998E-03
    1.5000000000E+01    6.5644180036E-03
    1.5000000000E+01    6.5744095074E-03
    1.5000000000E+01    6.5844010112E-03
    1.5000000000E+01    6.5943925150E-03
    1.5000000000E+01    6.6043840188E-03
    1.5000000000E+01    6.6143755227E-03
    1.5000000000E+01    6.6243670265E-03
    1.5000000000E+01    6.6343585303E-03
    1.5000000000E+01    6.6443500341E-03
    1.5000000000E+01    6.6543415379E-03
    1.5000000000E+01    6.6643330417E-03
    1.5000000000E+01    6.6743245455E-03
    1.5000000000E+01    6.6843160493E-03
    1.5000000000E+01    6.6943075531E-03
    1.5000000000E+01    6.7042990569E-03
    1.5000000000E+01    6.7142905608E-03
    1.5000000000E+01    6.7242820646E-03
    1.5000000000E+01    6.7342735684E-03
    1.5000000000E+01    6.7442650722E-03
    1.5000000000E+01    6.7542565760E-03
    1.5000000000E+01    6.7642480798E-03
    1.5000000000E+01    6.7742395836E-03
    1.5000000000E+01    6.7842310874E-03
    1.5000000000E+01    6.7942225912E-03
    1.5000000000E+01    6.8042140951E-03
    1.5000000000E+01    6.8142055989E-03
    1.5000000000E+01    6.8241971027E-03
    1.5000000000E+01    6.8341886065E-03
    1.5000000000E+01    6.8441801103E-03
    1.5000000000E+01    6.8541716141E-03
    1.5000000000E+01    6.8641631179E-03
    1.5000000000E+01    6.8741546217E-03
    1.5000000000E+01    6.8841461255E-03
    1.5000000000E+01    6.8941376293E-03
    1.5000000000E+01    6.9041291332E-03
    1.5000000000E+01    6.9141206370E-03
    1.5000000000E+01    6.9241121408E-03
    1.5000000000E+01    6.9341036446E-03
    1.5000000000E+01    6.9440951484E-03
    1.5000000000E+01    6.9540866522E-03
    1.5000000000E+01    6.9640781560E-03
    1.5000000000E+01    6.9740696598E-03
    1.5000000000E+01    6.9840611636E-03
    1.5000000000E+01    6.9940526675E-03
    1.5000000000E+01    7.0040441713E-03
    1.5000000000E+01    7.0140356751E-03
    1.5000000000E+01    7.0240271789E-03
    1.5000000000E+01    7.0340186827E-03
    1.5000000000E+01    7.0440101865E-03
    1.5000000000E+01    7.0540016903E-03
    1.5000000000E+01    7.0639931941E-03
    1.5000000000E+01    7.0739846979E-03
    1.5000000000E+01    7.0839762018E-03
    1.5000000000E+01    7.0939677056E-03
    1.5000000000E+01    7.1039592094E-03
    1.5000000000E+01    7.1139507132E-03
    1.5000000000E+01    7.1239422170E-03
    1.5000000000E+01    7.1339337208E-03
    1.5000000000E+01    7.1439252246E-03
    1.5000000000E+01    7.1539167284E-03
    1.5000000000E+01    7.1639082322E-03
    1.5000000000E+01    7.1738997360E-03
    1.5000000000E+01    7.1838912399E-03
    1.5000000000E+01    7.1938827437E-03
    1.5000000000E+01    7.2038742475E-03
    1.5000000000E+01    7.2138657513E-03
    1.5000000000E+01    7.2238572551E-03
    1.5000000000E+01    7.2338487589E-03
    1.5000000000E+01    7.2438402627E-03
    1.5000000000E+01    7.2538317665E-03
    1.5000000000E+01    7.2638232703E-03
    1.5000000000E+01    7.2738147742E-03
    1.5000000000E+01    7.2838062780E-03
    1.5000000000E+01    7.2937977818E-03
    1.5000000000E+01    7.3037892856E-03
    1.5000000000E+01    7.3137807894E-03
    1.5000000000E+01    7.3237722932E-03
    1.5000000000E+01    7.3337637970E-03
    1.5000000000E+01    7.3437553008E-03
    1.5000000000E+01    7.3537468046E-03
    1.5000000000E+01    7.3637383084E-03
    1.5000000000E+01    7.3737298123E-03
    1.5000000000E+01    7.3837213161E-03
    1.5000000000E+01    7.3937128199E-03
    1.5000000000E+01    7.4037043237E-03
    1.5000000000E+01    7.4136958275E-03
    1.5000000000E+01    7.4236873313E-03
    1.5000000000E+01    7.4336788351E-03
    1.5000000000E+01    7.4436703389E-03
    1.5000000000E+01    7.4536618427E-03
    1.5000000000E+01    7.4636533466E-03
    1.5000000000E+01    7.4736448504E-03
    1.5000000000E+01    7.4836363542E-03
    1.5000000000E+01    7.4936278580E-03
    1.5000000000E+01    7.5036193618E-03
    1.5000000000E+01    7.5136108656E-03
    1.5000000000E+01    7.5236023694E-03
    1.5000000000E+01    7.5335938732E-03
    1.5000000000E+01    7.5435853770E-03
    1.5000000000E+01    7.5535768809E-03
    1.5000000000E+01    7.5635683847E-03
    1.5000000000E+01    7.5735598885E-03
    1.5000000000E+01    7.5835513923E-03
    1.5000000000E+01    7.5935428961E-03
    1.5000000000E+01    7.6035343999E-03
    1.5000000000E+01    7.6135259037E-03
    1.5000000000E+01    7.6235174075E-03
    1.5000000000E+01    7.6335089113E-03
    1.5000000000E+01    7.6435004151E-03
    1.5000000000E+01    7.6534919190E-03
    1.5000000000E+01    7.6634834228E-03
    1.5000000000E+01    7.6734749266E-03
    1.5000000000E+01    7.6834664304E-03
    1.5000000000E+01    7.6934579342E-03
    1.5000000000E+01    7.7034494380E-03
    1.5000000000E+01    7.7134409418E-03
    1.5000000000E+01    7.7234324456E-03
    1.5000000000E+01    7.7334239494E-03
    1.5000000000E+01    7.7434154533E-03
    1.5000000000E+01    7.7534069571E-03
    1.5000000000E+01    7.7633984609E-03
    1.5000000000E+01    7.7733899647E-03
    1.5000000000E+01    7.7833814685E-03
    1.5000000000E+01    7.7933729723E-03
    1.5000000000E+01    7.8033644761E-03
    1.5000000000E+01    7.8133559799E-03
    1.5000000000E+01    7.8233474837E-03
    1.5000000000E+01    7.8333389875E-03
    1.5000000000E+01    7.8433304914E-03
    1.5000000000E+01    7.8533219952E-03
    1.5000000000E+01    7.8633134990E-03
    1.5000000000E+01    7.8733050028E-03
    1.5000000000E+01    7.8832965066E-03
    1.5000000000E+01    7.8932880104E-03
    1.5000000000E+01    7.9032795142E-03
    1.5000000000E+01    7.9132710180E-03
    1.5000000000E+01    7.9232625218E-03
    1.5000000000E+01    7.9332540257E-03
    1.5000000000E+01    7.9432455295E-03
    1.5000000000E+01    7.9532370333E-03
    1.5000000000E+01    7.9632285371E-03
    1.5000000000E+01    7.9732200409E-03
    1.5000000000E+01    7.9832115447E-03
    1.5000000000E+01    7.9932030485E-03
    1.5000000000E+01    8.0031945523E-03
    1.5000000000E+01    8.0131860561E-03
    1.5000000000E+01    8.0231775600E-03
    1.5000000000E+01    8.0331690638E-03
    1.5000000000E+01    8.0431605676E-03
    1.5000000000E+01    8.0531520714E-03
    1.5000000000E+01    8.0631435752E-03
    1.5000000000E+01    8.0731350790E-03
    1.5000000000E+01    8.0831265828E-03
    1.5000000000E+01    8.0931180866E-03
    1.5000000000E+01    8.1031095904E-03
    1.5000000000E+01    8.1131010942E-03
    1.5000000000E+01    8.1230925981E-03
    1.5000000000E+01    8.1330841019E-03
    1.5000000000E+01    8.1430756057E-03
    1.5000000000E+01    8.1530671095E-03
    1.5000000000E+01    8.1630586133E-03
    1.5000000000E+01    8.1730501171E-03
    1.5000000000E+01    8.1830416209E-03
    1.5000000000E+01    8.1930331247E-03
    1.5000000000E+01    8.2030246285E-03
    1.5000000000E+01    8.2130161324E-03
    1.5000000000E+01    8.2230076362E-03
    1.5000000000E+01    8.2329991400E-03
    1.5000000000E+01    8.2429906438E-03
    1.5000000000E+01    8.2529821476E-03
    1.5000000000E+01    8.2629736514E-03
    1.5000000000E+01    8.2729651552E-03
    1.5000000000E+01    8.2829566590E-03
    1.5000000000E+01    8.2929481628E-03
    1.5000000000E+01    8.3029396667E-03
    1.5000000000E+01    8.3129311705E-03
    1.5000000000E+01    8.3229226743E-03
    1.5000000000E+01    8.3329141781E-03
    1.5000000000E+01    8.3429056819E-03
    1.5000000000E+01    8.3528971857E-03
    1.5000000000E+01    8.3628886895E-03
    1.5000000000E+01    8.3728801933E-03
    1.5000000000E+01    8.3828716971E-03
    1.5000000000E+01    8.3928632009E-03
    1.5000000000E+01    8.4028547048E-03
    1.5000000000E+01    8.4128462086E-03
    1.5000000000E+01    8.4228377124E-03
    1.5000000000E+01    8.4328292162E-03
    1.5000000000E+01    8.4428207200E-03
    1.5000000000E+01    8.4528122238E-03
    1.5000000000E+01    8.4628037276E-03
    1.5000000000E+01    8.4727952314E-03
    1.5000000000E+01    8.4827867352E-03
    1.5000000000E+01    8.4927782391E-03
    1.5000000000E+01    8.5027697429E-03
    1.5000000000E+01    8.5127612467E-03
    1.5000000000E+01    8.5227527505E-03
    1.5000000000E+01    8.5327442543E-03
    1.5000000000E+01    8.5427357581E-03
    1.5000000000E+01    8.5527272619E-03
    1.5000000000E+01    8.5627187657E-03
    1.5000000000E+01    8.5727102695E-03
    1.5000000000E+01    8.5827017733E-03
    1.5000000000E+01    8.5926932772E-03
    1.5000000000E+01    8.6026847810E-03
    1.5000000000E+01    8.6126762848E-03
    1.5000000000E+01    8.6226677886E-03
    1.5000000000E+01    8.6326592924E-03
    1.5000000000E+01    8.6426507962E-03
    1.5000000000E+01    8.6526423000E-03
    1.5000000000E+01    8.6626338038E-03
    1.5000000000E+01    8.6726253076E-03
    1.5000000000E+01    8.6826168115E-03
    1.5000000000E+01    8.6926083153E-03
    1.5000000000E+01    8.7025998191E-03
    1.5000000000E+01    8.7125913229E-03
    1.5000000000E+01    8.7225828267E-03
    1.5000000000E+01    8.7325743305E-03
    1.5000000000E+01    8.7425658343E-03
    1.5000000000E+01    8.7525573381E-03
    1.5000000000E+01    8.7625488419E-03
    1.5000000000E+01    8.7725403458E-03
    1.5000000000E+01    8.7825318496E-03
    1.5000000000E+01    8.7925233534E-03
    1.5000000000E+01    8.8025148572E-03
    1.5000000000E+01    8.8125063610E-03
    1.5000000000E+01    8.8224978648E-03
    1.5000000000E+01    8.8324893686E-03
    1.5000000000E+01    8.8424808724E-03
    1.5000000000E+01    8.8524723762E-03
    1.5000000000E+01    8.8624638800E-03
    1.5000000000E+01    8.8724553839E-03
    1.5000000000E+01    8.8824468877E-03
    1.5000000000E+01    8.8924383915E-03
    1.5000000000E+01    8.9024298953E-03
    1.5000000000E+01    8.9124213991E-03
    1.5000000000E+01    8.9224129029E-03
    1.5000000000E+01    8.9324044067E-03
    1.5000000000E+01    8.9423959105E-03
    1.5000000000E+01    8.9523874143E-03
    1.5000000000E+01    8.9623789182E-03
    1.5000000000E+01    8.9723704220E-03
    1.5000000000E+01    8.9823619258E-03
    1.5000000000E+01    8.9923534296E-03
    1.5000000000E+01    9.0023449334E-03
    1.5000000000E+01    9.0123364372E-03
    1.5000000000E+01    9.0223279410E-03
    1.5000000000E+01    9.0323194448E-03
    1.5000000000E+01    9.0423109486E-03
    1.5000000000E+01    9.0523024524E-03
    1.5000000000E+01    9.0622939563E-03
    1.5000000000E+01    9.0722854601E-03
    1.5000000000E+01    9.0822769639E-03
    1.5000000000E+01    9.0922684677E-03
    1.5000000000E+01    9.1022599715E-03
    1.5000000000E+01    9.1122514753E-03
    1.5000000000E+01    9.1222429791E-03
    1.5000000000E+01    9.1322344829E-03
    1.5000000000E+01    9.1422259867E-03
    1.5000000000E+01    9.1522174906E-03
    1.5000000000E+01    9.1622089944E-03
    1.5000000000E+01    9.1722004982E-03
    1.5000000000E+01    9.1821920020E-03
    1.5000000000E+01    9.1921835058E-03
    1.5000000000E+01    9.2021750096E-03
    1.5000000000E+01    9.2121665134E-03
    1.5000000000E+01    9.2221580172E-03
    1.5000000000E+01    9.2321495210E-03
    1.5000000000E+01    9.2421410249E-03
    1.5000000000E+01    9.2521325287E-03
    1.5000000000E+01    9.2621240325E-03
    1.5000000000E+01    9.2721155363E-03
    1.5000000000E+01    9.2821070401E-03
    1.5000000000E+01    9.2920985439E-03
    1.5000000000E+01    9.3020900477E-03
    1.5000000000E+01    9.3120815515E-03
    1.5000000000E+01    9.3220730553E-03
    1.5000000000E+01    9.3320645591E-03
    1.5000000000E+01    9.3420560630E-03
    1.5000000000E+01    9.3520475668E-03
    1.5000000000E+01    9.3620390706E-03
    1.5000000000E+01    9.3720305744E-03
    1.5000000000E+01    9.3820220782E-03
    1.5000000000E+01    9.3920135820E-03
    1.5000000000E+01    9.4020050858E-03
    1.5000000000E+01    9.4119965896E-03
    1.5000000000E+01    9.4219880934E-03
    1.5000000000E+01    9.4319795973E-03
    1.5000000000E+01    9.4419711011E-03
    1.5000000000E+01    9.4519626049E-03
    1.5000000000E+01    9.4619541087E-03
    1.5000000000E+01    9.4719456125E-03
    1.5000000000E+01    9.4819371163E-03
    1.5000000000E+01    9.4919286201E-03
    1.5000000000E+01    9.5019201239E-03
    1.5000000000E+01    9.5119116277E-03
    1.5000000000E+01    9.5219031315E-03
    1.5000000000E+01    9.5318946354E-03
    1.5000000000E+01    9.5418861392E-03
    1.5000000000E+01    9.5518776430E-03
    1.5000000000E+01    9.5618691468E-03
    1.5000000000E+01    9.5718606506E-03
    1.5000000000E+01    9.5818521544E-03
    1.5000000000E+01    9.5918436582E-03
    1.5000000000E+01    9.6018351620E-03
    1.5000000000E+01    9.6118266658E-03
    1.5000000000E+01    9.6218181697E-03
    1.5000000000E+01    9.6318096735E-03
    1.5000000000E+01    9.6418011773E-03
    1.5000000000E+01    9.6517926811E-03
    1.5000000057E+01    9.6617841849E-03
    1.5000000000E+01    9.6717756887E-03
    1.5000000921E+01    9.6817671925E-03
    1.5000000000E+01    9.6917586963E-03
    1.5000000000E+01    9.7017502001E-03
    1.5000021446E+01    9.7117417040E-03
    1.5000000000E+01    9.7217332078E-03
    1.5000000000E+01    9.7317247116E-03
    1.5000446718E+01    9.7417162154E-03
    1.5000000000E+01    9.7517077192E-03
    1.5000000000E+01    9.7616992230E-03
    1.5005743067E+01    9.7716907268E-03
    1.5000000000E+01    9.7816822306E-03
    1.5037104857E+01    9.7916737344E-03
    1.5118206773E+01    9.8016652382E-03
    1.5460972423E+01    9.8116567421E-03
    1.5000000000E+01    9.8216482459E-03
    1.5000000000E+01    9.8316397497E-03
    1.5000000000E+01    9.8416312535E-03
    1.5000000000E+01    9.8516227573E-03
    1.5000000000E+01    9.8616142611E-03
    1.5000000000E+01    9.8716057649E-03
    1.5000000000E+01    9.8815972687E-03
    1.5000000000E+01    9.8915887725E-03
    1.5000000000E+01    9.9015802764E-03
    1.5000000000E+01    9.9115717802E-03
    1.5000000000E+01    9.9215632840E-03
    1.5000000000E+01    9.9315547878E-03
    1.5000000000E+01    9.9415462916E-03
    1.5000000000E+01    9.9515377954E-03
    1.5000000000E+01    9.9615292992E-03
    1.5000000000E+01    9.9715208030E-03
    1.5000000000E+01    9.9815123068E-03
    1.5000000000E+01    9.9915038107E-03
    1.5000000000E+01    1.0001495314E-02
    1.5000000000E+01    1.0011486818E-02
    1.5000000000E+01    1.0021478322E-02
    1.5000000000E+01    1.0031469826E-02
    1.5000000000E+01    1.0041461330E-02
    1.5000000000E+01    1.0051452834E-02
    1.5000000000E+01    1.0061444337E-02
    1.5000004455E+01    1.0071435841E-02
    1.5000000000E+01    1.0081427345E-02
    1.5000007870E+01    1.0091418849E-02
    1.5000000000E+01    1.0101410353E-02
    1.5000037480E+01    1.0111401856E-02
    1.5000000000E+01    1.0121393360E-02
    1.5000000000E+01    1.0131384864E-02
    1.5000329653E+01    1.0141376368E-02
    1.5000000000E+01    1.0151367872E-02
    1.5000000000E+01    1.0161359375E-02
    1.5003399187E+01    1.0171350879E-02
    1.5000000000E+01    1.0181342383E-02
    1.5000000000E+01    1.0191333887E-02
    1.5027358815E+01    1.0201325391E-02
    1.5000000000E+01    1.0211316894E-02
    1.5000000000E+01    1.0221308398E-02
    1.5129907296E+01    1.0231299902E-02
    1.5000000000E+01    1.0241291406E-02
    1.5327332981E+01    1.0251282910E-02
    1.5000000000E+01    1.0261274414E-02
    1.5476452070E+01    1.0271265917E-02
    1.6000000000E+01    1.0281257421E-02
    1.5000000000E+01    1.0291248925E-02
    1.5000000000E+01    1.0301240429E-02
    1.5000000000E+01    1.0311231933E-02
    1.5000000000E+01    1.0321223436E-02
    1.5000000000E+01    1.0331214940E-02
    1.5000000000E+01    1.0341206444E-02
    1.5000000000E+01    1.0351197948E-02
    1.5000000000E+01    1.0361189452E-02
    1.5000000000E+01    1.0371180955E-02
    1.5000000000E+01    1.0381172459E-02
    1.5000000000E+01    1.0391163963E-02
    1.5000000000E+01    1.0401155467E-02
    1.5000000000E+01    1.0411146971E-02
    1.5000000000E+01    1.0421138475E-02
    1.5000000000E+01    1.0431129978E-02
    1.5000000000E+01    1.0441121482E-02
    1.5000000000E+01    1.0451112986E-02
    1.5000000000E+01    1.0461104490E-02
    1.5000000000E+01    1.0471095994E-02
    1.5000000000E+01    1.0481087497E-02
    1.5000000000E+01    1.0491079001E-02
    1.5000000000E+01    1.0501070505E-02
    1.5000000000E+01    1.0511062009E-02
    1.5000000000E+01    1.0521053513E-02
    1.5000000000E+01    1.0531045016E-02
    1.5000000000E+01    1.0541036520E-02
    1.5000000000E+01    1.0551028024E-02
    1.5000000000E+01    1.0561019528E-02
    1.5000000000E+01    1.0571011032E-02
    1.5000000000E+01    1.0581002535E-02
    1.5000000000E+01    1.0590994039E-02
    1.5000000000E+01    1.0600985543E-02
    1.5000000000E+01    1.0610977047E-02
    1.5000000000E+01    1.0620968551E-02
    1.5000000000E+01    1.0630960055E-02
    1.5000000000E+01    1.0640951558E-02
    1.5000000000E+01    1.0650943062E-02
    1.5000000000E+01    1.0660934566E-02
    1.5000000000E+01    1.0670926070E-02
    1.5000000000E+01    1.0680917574E-02
    1.5000000000E+01    1.0690909077E-02
    1.5000000000E+01    1.0700900581E-02
    1.5000003161E+01    1.0710892085E-02
    1.5000000000E+01    1.0720883589E-02
    1.5000000000E+01    1.0730875093E-02
    1.5000000000E+01    1.0740866596E-02
    1.5000198572E+01    1.0750858100E-02
    1.5000000000E+01    1.0760849604E-02
    1.5000000000E+01    1.0770841108E-02
    1.5000000000E+01    1.0780832612E-02
    1.5005597269E+01    1.0790824116E-02
    1.5000000000E+01    1.0800815619E-02
    1.5000000000E+01    1.0810807123E-02
    1.5000000000E+01    1.0820798627E-02
    1.5055444172E+01    1.0830790131E-02
    1.5000000000E+01    1.0840781635E-02
    1.5000000000E+01    1.0850773138E-02
    1.5000000000E+01    1.0860764642E-02
    1.5200831855E+01    1.0870756146E-02
    1.5000000000E+01    1.0880747650E-02
    1.5348174254E+01    1.0890739154E-02
    1.5398632808E+01    1.0900730657E-02
    1.5000000000E+01    1.0910722161E-02
    1.5000000000E+01    1.0920713665E-02
    1.5000000000E+01    1.0930705169E-02
    1.5000000000E+01    1.0940696673E-02
    1.5000000000E+01    1.0950688176E-02
    1.5444491145E+01    1.0960679680E-02
    1.5467675394E+01    1.0970671184E-02
    1.5000000000E+01    1.0980662688E-02
    1.5000000000E+01    1.0990654192E-02
    1.5503902290E+01    1.1000645696E-02
    1.5000000000E+01    1.1010637199E-02
    1.5000000000E+01    1.1020628703E-02
    1.5455187853E+01    1.1030620207E-02
    1.5000000000E+01    1.1040611711E-02
    1.5000000000E+01    1.1050603215E-02
    1.5274508287E+01    1.1060594718E-02
    1.5000000000E+01    1.1070586222E-02
    1.5000000000E+01    1.1080577726E-02
    1.5094031462E+01    1.1090569230E-02
    1.5000000000E+01    1.1100560734E-02
    1.5000000000E+01    1.1110552237E-02
    1.5017899227E+01    1.1120543741E-02
    1.5001298731E+01    1.1130535245E-02
    1.5012531570E+01    1.1140526749E-02
    1.5000278353E+01    1.1150518253E-02
    1.5067763831E+01    1.1160509756E-02
    1.5000031727E+01    1.1170501260E-02
    1.5000000000E+01    1.1180492764E-02
    1.5000000000E+01    1.1190484268E-02
    1.5271406420E+01    1.1200475772E-02
    1.5000000000E+01    1.1210467276E-02
    1.5000000000E+01    1.1220458779E-02
    1.5000000000E+01    1.1230450283E-02
    1.5494526500E+01    1.1240441787E-02
    1.5000000000E+01    1.1250433291E-02
    1.5000000000E+01    1.1260424795E-02
    1.5408419007E+01    1.1270416298E-02
    1.5000000000E+01    1.1280407802E-02
    1.5440506680E+01    1.1290399306E-02
    1.5612039035E+01    1.1300390810E-02
    1.5094542616E+01    1.1310382314E-02
    1.5381672790E+01    1.1320373817E-02
    1.5000000000E+01    1.1330365321E-02
    1.5000000000E+01    1.1340356825E-02
    1.5164138112E+01    1.1350348329E-02
    1.5000000000E+01    1.1360339833E-02
    1.5000000000E+01    1.1370331337E-02
    1.5049809381E+01    1.1380322840E-02
    1.5000000000E+01    1.1390314344E-02
    1.5000000000E+01    1.1400305848E-02
    1.5007896538E+01    1.1410297352E-02
    1.5000000000E+01    1.1420288856E-02
    1.5000000000E+01    1.1430280359E-02
    1.5000679933E+01    1.1440271863E-02
    1.5000000000E+01    1.1450263367E-02
    1.5000000000E+01    1.1460254871E-02
    1.5000040420E+01    1.1470246375E-02
    1.5000000000E+01    1.1480237878E-02
    1.5000002649E+01    1.1490229382E-02
    1.5000000524E+01    1.1500220886E-02
    1.5000000000E+01    1.1510212390E-02
    1.5000000000E+01    1.1520203894E-02
    1.5000000000E+01    1.1530195397E-02
    1.5000000000E+01    1.1540186901E-02
    1.5000000000E+01    1.1550178405E-02
    1.5000000000E+01    1.1560169909E-02
    1.5000000000E+01    1.1570161413E-02
    1.5000000000E+01    1.1580152917E-02
    1.5000000000E+01    1.1590144420E-02
    1.5000000000E+01    1.1600135924E-02
    1.5000000000E+01    1.1610127428E-02
    1.5000000000E+01    1.1620118932E-02
    1.5000000000E+01    1.1630110436E-02
    1.5000000000E+01    1.1640101939E-02
    1.5000000000E+01    1.1650093443E-02
    1.5000000000E+01    1.1660084947E-02
    1.5000000000E+01    1.1670076451E-02
    1.5000000000E+01    1.1680067955E-02
    1.5000000000E+01    1.1690059458E-02
    1.5000000000E+01    1.1700050962E-02
    1.5000000000E+01    1.1710042466E-02
    1.5000000000E+01    1.1720033970E-02
    1.5000000000E+01    1.1730025474E-02
    1.5000000000E+01    1.1740016978E-02
    1.5000000000E+01    1.1750008481E-02
    1.5000000000E+01    1.1759999985E-02
    1.5000000000E+01    1.1769991489E-02
    1.5000000000E+01    1.1779982993E-02
    1.5000000000E+01    1.1789974497E-02
    1.5000000000E+01    1.1799966000E-02
    1.5000000000E+01    1.1809957504E-02
    1.5000000000E+01    1.1819949008E-02
    1.5000000000E+01    1.1829940512E-02
    1.5000000000E+01    1.1839932016E-02
    1.5000000000E+01    1.1849923519E-02
    1.5000000000E+01    1.1859915023E-02
    1.5000000000E+01    1.1869906527E-02
    1.5000000000E+01    1.1879898031E-02
    1.5000000000E+01    1.1889889535E-02
    1.5000000000E+01    1.1899881038E-02
    1.5000000000E+01    1.1909872542E-02
    1.5000000000E+01    1.1919864046E-02
    1.5000000000E+01    1.1929855550E-02
    1.5000000000E+01    1.1939847054E-02
    1.5000000000E+01    1.1949838558E-02
    1.5000000000E+01    1.1959830061E-02
    1.5000000000E+01    1.1969821565E-02
    1.5141840658E+01    1.1979813069E-02
    1.5134568979E+01    1.1989804573E-02
    1.5000815155E+01    1.1999796077E-02
    1.5000000000E+01    1.2009787580E-02
    1.5001129009E+01    1.2019779084E-02
    1.5000229391E+01    1.2029770588E-02
    1.5000000000E+01    1.2039762092E-02
    1.5000051994E+01    1.2049753596E-02
    1.5000026114E+01    1.2059745099E-02
    1.5000000000E+01    1.2069736603E-02
    1.5000000000E+01    1.2079728107E-02
    1.5000001167E+01    1.2089719611E-02
    1.5000001179E+01    1.2099711115E-02
    1.5000000000E+01    1.2109702619E-02
    1.5000000000E+01    1.2119694122E-02
    1.5000000000E+01    1.2129685626E-02
    1.5000000000E+01    1.2139677130E-02
    1.5000000000E+01    1.2149668634E-02
    1.5000000000E+01    1.2159660138E-02
    1.5000000000E+01    1.2169651641E-02
    1.5000000000E+01    1.2179643145E-02
    1.5000000000E+01    1.2189634649E-02
    1.5000000000E+01    1.2199626153E-02
    1.5000000000E+01    1.2209617657E-02
    1.5000000000E+01    1.2219609160E-02
    1.5000000000E+01    1.2229600664E-02
    1.5000000000E+01    1.2239592168E-02
    1.5000000000E+01    1.2249583672E-02
    1.5000000000E+01    1.2259575176E-02
    1.5000000000E+01    1.2269566679E-02
    1.5000000000E+01    1.2279558183E-02
    1.5000000000E+01    1.2289549687E-02
    1.5000000000E+01    1.2299541191E-02
    1.5000000000E+01    1.2309532695E-02
    1.5000000000E+01    1.2319524199E-02
    1.5000000000E+01    1.2329515702E-02
    1.5000000000E+01    1.2339507206E-02
    1.5000000000E+01    1.2349498710E-02
    1.5000000000E+01    1.2359490214E-02
    1.5000000000E+01    1.2369481718E-02
    1.5000000000E+01    1.2379473221E-02
    1.5000000000E+01    1.2389464725E-02
    1.5000000000E+01    1.2399456229E-02
    1.5000009159E+01    1.2409447733E-02
    1.5000000000E+01    1.2419439237E-02
    1.5000000000E+01    1.2429430740E-02
    1.5000000549E+01    1.2439422244E-02
    1.5000000000E+01    1.2449413748E-02
    1.5000000000E+01    1.2459405252E-02
    1.5000000000E+01    1.2469396756E-02
    1.5000000000E+01    1.2479388260E-02
    1.5000000000E+01    1.2489379763E-02
    1.5000000000E+01    1.2499371267E-02
    1.5000000000E+01    1.2509362771E-02
    1.5000000000E+01    1.2519354275E-02
    1.5000000000E+01    1.2529345779E-02
    1.5000000000E+01    1.2539337282E-02
    1.5000000000E+01    1.2549328786E-02
    1.5000000000E+01    1.2559320290E-02
    1.5000000000E+01    1.2569311794E-02
    1.5000000000E+01    1.2579303298E-02
    1.5000000000E+01    1.2589294801E-02
    1.5000000000E+01    1.2599286305E-02
    1.5000000000E+01    1.2609277809E-02
    1.5000000000E+01    1.2619269313E-02
    1.5000000000E+01    1.2629260817E-02
    1.5000000000E+01    1.2639252320E-02
    1.5000000000E+01    1.2649243824E-02
    1.5000000000E+01    1.2659235328E-02
    1.5000000000E+01    1.2669226832E-02
    1.5000000000E+01    1.2679218336E-02
    1.5000000000E+01    1.2689209840E-02
    1.5000000000E+01    1.2699201343E-02
    1.5000000000E+01    1.2709192847E-02
    1.5000000000E+01    1.2719184351E-02
    1.5000000000E+01    1.2729175855E-02
    1.5000000000E+01    1.2739167359E-02
    1.5000000000E+01    1.2749158862E-02
    1.5000000000E+01    1.2759150366E-02
    1.5000000000E+01    1.2769141870E-02
    1.5000000000E+01    1.2779133374E-02
    1.5000000000E+01    1.2789124878E-02
    1.5000000000E+01    1.2799116381E-02
    1.5000000000E+01    1.2809107885E-02
    1.5000000000E+01    1.2819099389E-02
    1.5000000000E+01    1.2829090893E-02
    1.5000000000E+01    1.2839082397E-02
    1.5000000000E+01    1.2849073900E-02
    1.5000000000E+01    1.2859065404E-02
    1.5000000000E+01    1.2869056908E-02
    1.5000000000E+01    1.2879048412E-02
    1.5000000000E+01    1.2889039916E-02
    1.5000000000E+01    1.2899031420E-02
    1.5000000000E+01    1.2909022923E-02
    1.5000000000E+01    1.2919014427E-02
    1.5000000000E+01    1.2929005931E-02
    1.5000000000E+01    1.2938997435E-02
    1.5000000000E+01    1.2948988939E-02
    1.5000000000E+01    1.2958980442E-02
    1.5000000000E+01    1.2968971946E-02
    1.5000000000E+01    1.2978963450E-02
    1.5000000000E+01    1.2988954954E-02
    1.5000000000E+01    1.2998946458E-02
    1.5000000000E+01    1.3008937961E-02
    1.5000000000E+01    1.3018929465E-02
    1.5000000000E+01    1.3028920969E-02
    1.5000000000E+01    1.3038912473E-02
    1.5000000000E+01    1.3048903977E-02
    1.5000000000E+01    1.3058895481E-02
    1.5000000000E+01    1.3068886984E-02
    1.5000000000E+01    1.3078878488E-02
    1.5000000000E+01    1.3088869992E-02
    1.5000000000E+01    1.3098861496E-02
    1.5000000000E+01    1.3108853000E-02
    1.5000000000E+01    1.3118844503E-02
    1.5000000000E+01    1.3128836007E-02
    1.5000000000E+01    1.3138827511E-02
    1.5000000000E+01    1.3148819015E-02
    1.5000000000E+01    1.3158810519E-02
    1.5000000000E+01    1.3168802022E-02
    1.5000000000E+01    1.3178793526E-02
    1.5000000000E+01    1.3188785030E-02
    1.5000000000E+01    1.3198776534E-02
    1.5000000000E+01    1.3208768038E-02
    1.5000000000E+01    1.3218759541E-02
    1.5000000000E+01    1.3228751045E-02
    1.5000000000E+01    1.3238742549E-02
    1.5000000000E+01    1.3248734053E-02
    1.5000000000E+01    1.3258725557E-02
    1.5000000000E+01    1.3268717061E-02
    1.5000000000E+01    1.3278708564E-02
    1.5000000000E+01    1.3288700068E-02
    1.5000000000E+01    1.3298691572E-02
    1.5000000000E+01    1.3308683076E-02
    1.5000000000E+01    1.3318674580E-02
    1.5000000000E+01    1.3328666083E-02
    1.5000000000E+01    1.3338657587E-02
    1.5000000000E+01    1.3348649091E-02
    1.5000000000E+01    1.3358640595E-02
    1.5000000000E+01    1.3368632099E-02
    1.5000000000E+01    1.3378623602E-02
    1.5000000000E+01    1.3388615106E-02
    1.5000000000E+01    1.3398606610E-02
    1.5000000000E+01    1.3408598114E-02
    1.5000000000E+01    1.3418589618E-02
    1.5000000000E+01    1.3428581122E-02
    1.5000000000E+01    1.3438572625E-02
    1.5000000000E+01    1.3448564129E-02
    1.5000000000E+01    1.3458555633E-02
    1.5000000000E+01    1.3468547137E-02
    1.5000000000E+01    1.3478538641E-02
    1.5000000000E+01    1.3488530144E-02
    1.5000000000E+01    1.3498521648E-02
    1.5000000000E+01    1.3508513152E-02
    1.5000000000E+01    1.3518504656E-02
    1.5000000000E+01    1.3528496160E-02
    1.5000000000E+01    1.3538487663E-02
    1.5000000000E+01    1.3548479167E-02
    1.5000000000E+01    1.3558470671E-02
    1.5000000000E+01    1.3568462175E-02
    1.5000000000E+01    1.3578453679E-02
    1.5000000000E+01    1.3588445182E-02
    1.5000000000E+01    1.3598436686E-02
    1.5000000000E+01    1.3608428190E-02
    1.5000000000E+01    1.3618419694E-02
    1.5000000000E+01    1.3628411198E-02
    1.5000000000E+01    1.3638402702E-02
    1.5000000000E+01    1.3648394205E-02
    1.5000000000E+01    1.3658385709E-02
    1.5000000000E+01    1.3668377213E-02
