              w [eV]            znorm(w)       delta(w) [eV]           nznorm(w)
    4.0608226305E-03    1.7743745887E+00    6.6839876955E-03    1.8069405282E+00
    1.2182467891E-02    1.7627364362E+00    6.5374797940E-03    1.7908390885E+00
    2.0304113152E-02    1.7425246512E+00    6.2662043535E-03    1.7659581372E+00
    2.8425758413E-02    1.7167064859E+00    5.9021348731E-03    1.7358055012E+00
    3.6547403674E-02    1.6876857501E+00    5.4767497426E-03    1.7029762025E+00
    4.4669048935E-02    1.6572558438E+00    5.0173191813E-03    1.6693430955E+00
    5.2790694196E-02    1.6266814076E+00    4.5455225496E-03    1.6361628291E+00
    6.0912339457E-02    1.5968018960E+00    4.0773975657E-03    1.6042125271E+00
    6.9033984718E-02    1.5681352590E+00    3.6240273258E-03    1.5739252154E+00
    7.7155629979E-02    1.5409691125E+00    3.1925131099E-03    1.5455020358E+00
    8.5277275240E-02    1.5154337092E+00    2.7869500628E-03    1.5189958958E+00
    9.3398920501E-02    1.4915564887E+00    2.4092700740E-03    1.4943697894E+00
    1.0152056576E-01    1.4693008752E+00    2.0599113405E-03    1.4715356439E+00
    1.0964221102E-01    1.4485928439E+00    1.7383228148E-03    1.4503793136E+00
    1.1776385628E-01    1.4293385584E+00    1.4433306615E-03    1.4307761714E+00
    1.2588550154E-01    1.4114357439E+00    1.1733972276E-03    1.4126005136E+00
    1.3400714681E-01    1.3947807952E+00    9.2679975943E-04    1.3957309800E+00
    1.4212879207E-01    1.3792730404E+00    7.0175082532E-04    1.3800534584E+00
    1.5025043733E-01    1.3648171441E+00    4.9647720678E-04    1.3654624296E+00
    1.5837208259E-01    1.3513243162E+00    3.0926964378E-04    1.3518613685E+00
    1.6649372785E-01    1.3387127695E+00    1.3851239950E-04    1.3391625923E+00
    1.7461537311E-01    1.3269077184E+00   -1.7300952731E-05    1.3272868040E+00
    1.8273701837E-01    1.3158411099E+00   -1.5956099363E-04    1.3161624818E+00
    1.9085866363E-01    1.3054512077E+00   -2.8954199807E-04    1.3057252093E+00
    1.9898030889E-01    1.2956821085E+00   -4.0840534092E-04    1.2959170017E+00
    2.0710195415E-01    1.2864832365E+00   -5.1720524306E-04    1.2866856585E+00
    2.1522359942E-01    1.2778088478E+00   -6.1689581532E-04    1.2779841602E+00
    2.2334524468E-01    1.2696175580E+00   -7.0833869763E-04    1.2697701161E+00
    2.3146688994E-01    1.2618719042E+00   -7.9231082898E-04    1.2620052648E+00
    2.3958853520E-01    1.2545379430E+00   -8.6951204929E-04    1.2546550264E+00
    2.4771018046E-01    1.2475848872E+00   -9.4057234897E-04    1.2476881032E+00
    2.5583182572E-01    1.2409847776E+00   -1.0060586610E-03    1.2410761248E+00
    2.6395347098E-01    1.2347121899E+00   -1.0664811436E-03    1.2347933339E+00
    2.7207511624E-01    1.2287439720E+00   -1.1222989369E-03    1.2288163073E+00
    2.8019676150E-01    1.2230590108E+00   -1.1739254003E-03    1.2231237103E+00
    2.8831840676E-01    1.2176380239E+00   -1.2217328530E-03    1.2176960786E+00
    2.9644005203E-01    1.2124633747E+00   -1.2660568452E-03    1.2125156254E+00
    3.0456169729E-01    1.2075189079E+00   -1.3071999965E-03    1.2075660706E+00
    3.1268334255E-01    1.2027898029E+00   -1.3454354362E-03    1.2028324902E+00
    3.2080498781E-01    1.1982624434E+00   -1.3810098814E-03    1.1983011810E+00
    3.2892663307E-01    1.1939243015E+00   -1.4141463875E-03    1.1939595425E+00
    3.3704827833E-01    1.1897638336E+00   -1.4450468046E-03    1.1897959700E+00
    3.4516992359E-01    1.1857703888E+00   -1.4738939682E-03    1.1857997603E+00
    3.5329156885E-01    1.1819341252E+00   -1.5008536544E-03    1.1819610279E+00
    3.6141321411E-01    1.1782459367E+00   -1.5260763234E-03    1.1782706289E+00
    3.6953485937E-01    1.1746973864E+00   -1.5496986740E-03    1.1747200945E+00
    3.7765650463E-01    1.1712806470E+00   -1.5718450315E-03    1.1713015700E+00
    3.8577814990E-01    1.1679884478E+00   -1.5926285858E-03    1.1680077607E+00
    3.9389979516E-01    1.1648140260E+00   -1.6121524965E-03    1.1648318836E+00
    4.0202144042E-01    1.1617510837E+00   -1.6305108812E-03    1.1617676230E+00
    4.1014308568E-01    1.1587937488E+00   -1.6477896977E-03    1.1588090915E+00
    4.1826473094E-01    1.1559365393E+00   -1.6640675342E-03    1.1559507937E+00
    4.2638637620E-01    1.1531743318E+00   -1.6794163156E-03    1.1531875946E+00
    4.3450802146E-01    1.1505023321E+00   -1.6939019372E-03    1.1505146895E+00
    4.4262966672E-01    1.1479160489E+00   -1.7075848319E-03    1.1479275784E+00
    4.5075131198E-01    1.1454112699E+00   -1.7205204801E-03    1.1454220410E+00
    4.5887295724E-01    1.1429840402E+00   -1.7327598668E-03    1.1429941154E+00
    4.6699460251E-01    1.1406306420E+00   -1.7443498927E-03    1.1406400777E+00
    4.7511624777E-01    1.1383475768E+00   -1.7553337444E-03    1.1383564239E+00
    4.8323789303E-01    1.1361315486E+00   -1.7657512276E-03    1.1361398531E+00
    4.9135953829E-01    1.1339794486E+00   -1.7756390666E-03    1.1339872523E+00
    4.9948118355E-01    1.1318883415E+00   -1.7850311760E-03    1.1318956823E+00
    5.0760282881E-01    1.1298554524E+00   -1.7939589048E-03    1.1298623647E+00
    5.1572447407E-01    1.1278781549E+00   -1.8024512573E-03    1.1278846702E+00
    5.2384611933E-01    1.1259539606E+00   -1.8105350935E-03    1.1259601075E+00
    5.3196776459E-01    1.1240805084E+00   -1.8182353097E-03    1.1240863131E+00
    5.4008940985E-01    1.1222555556E+00   -1.8255750030E-03    1.1222610420E+00
    5.4821105512E-01    1.1204769690E+00   -1.8325756200E-03    1.1204821590E+00
    5.5633270038E-01    1.1187427167E+00   -1.8392570919E-03    1.1187476304E+00
    5.6445434564E-01    1.1170508606E+00   -1.8456379574E-03    1.1170555165E+00
    5.7257599090E-01    1.1153995493E+00   -1.8517354746E-03    1.1154039644E+00
    5.8069763616E-01    1.1137870113E+00   -1.8575657229E-03    1.1137912013E+00
    5.8881928142E-01    1.1122115489E+00   -1.8631436952E-03    1.1122155282E+00
    5.9694092668E-01    1.1106715318E+00   -1.8684833831E-03    1.1106753137E+00
    6.0506257194E-01    1.1091653915E+00   -1.8735978539E-03    1.1091689883E+00
    6.1318421720E-01    1.1076916159E+00   -1.8784993210E-03    1.1076950391E+00
    6.2130586246E-01    1.1062487439E+00   -1.8831992091E-03    1.1062520038E+00
    6.2942750772E-01    1.1048353598E+00   -1.8877082123E-03    1.1048384664E+00
    6.3754915299E-01    1.1034500889E+00   -1.8920363492E-03    1.1034530512E+00
    6.4567079825E-01    1.1020915918E+00   -1.8961930120E-03    1.1020944181E+00
    6.5379244351E-01    1.1007585593E+00   -1.9001870122E-03    1.1007612576E+00
    6.6191408877E-01    1.0994497079E+00   -1.9040266223E-03    1.0994522854E+00
    6.7003573403E-01    1.0981637738E+00   -1.9077196147E-03    1.0981662373E+00
    6.7815737929E-01    1.0968995076E+00   -1.9112732964E-03    1.0969018635E+00
    6.8627902455E-01    1.0956556692E+00   -1.9146945421E-03    1.0956579233E+00
    6.9440066981E-01    1.0944310208E+00   -1.9179898240E-03    1.0944331786E+00
    7.0252231507E-01    1.0932243213E+00   -1.9211652392E-03    1.0932263881E+00
    7.1064396033E-01    1.0920343189E+00   -1.9242265355E-03    1.0920362993E+00
    7.1876560560E-01    1.0908597434E+00   -1.9271791349E-03    1.0908616421E+00
    7.2688725086E-01    1.0896992982E+00   -1.9300281550E-03    1.0897011193E+00
    7.3500889612E-01    1.0885516502E+00   -1.9327784291E-03    1.0885533977E+00
    7.4313054138E-01    1.0874154199E+00   -1.9354345248E-03    1.0874170974E+00
    7.5125218664E-01    1.0862891689E+00   -1.9380007607E-03    1.0862907800E+00
    7.5937383190E-01    1.0851713864E+00   -1.9404812224E-03    1.0851729344E+00
    7.6749547716E-01    1.0840604731E+00   -1.9428797763E-03    1.0840619610E+00
    7.7561712242E-01    1.0829547230E+00   -1.9452000832E-03    1.0829561537E+00
    7.8373876768E-01    1.0818523015E+00   -1.9474456100E-03    1.0818536777E+00
    7.9186041294E-01    1.0807512206E+00   -1.9496196404E-03    1.0807525449E+00
    7.9998205821E-01    1.0796493087E+00   -1.9517252845E-03    1.0796505834E+00
    8.0810370347E-01    1.0785441750E+00   -1.9537654870E-03    1.0785454024E+00
    8.1622534873E-01    1.0774331673E+00   -1.9557430342E-03    1.0774343495E+00
    8.2434699399E-01    1.0763133212E+00   -1.9576605597E-03    1.0763144603E+00
    8.3246863925E-01    1.0751812990E+00   -1.9595205475E-03    1.0751823968E+00
    8.4059028451E-01    1.0740333158E+00   -1.9613253345E-03    1.0740343741E+00
    8.4871192977E-01    1.0728650503E+00   -1.9630771096E-03    1.0728660707E+00
    8.5683357503E-01    1.0716715366E+00   -1.9647779095E-03    1.0716725207E+00
    8.6495522029E-01    1.0704470332E+00   -1.9664296116E-03    1.0704479824E+00
    8.7307686555E-01    1.0691848639E+00   -1.9680339210E-03    1.0691857797E+00
    8.8119851081E-01    1.0678772277E+00   -1.9695923510E-03    1.0678781113E+00
    8.8932015608E-01    1.0665149701E+00   -1.9711061948E-03    1.0665158227E+00
    8.9744180134E-01    1.0650873169E+00   -1.9725764860E-03    1.0650881396E+00
    9.0556344660E-01    1.0635815696E+00   -1.9740039423E-03    1.0635823634E+00
    9.1368509186E-01    1.0619827758E+00   -1.9753888910E-03    1.0619835418E+00
    9.2180673712E-01    1.0602734075E+00   -1.9767311668E-03    1.0602741464E+00
    9.2992838238E-01    1.0584331144E+00   -1.9780299795E-03    1.0584338269E+00
    9.3805002764E-01    1.0564386905E+00   -1.9792837469E-03    1.0564393773E+00
    9.4617167290E-01    1.0542644994E+00   -1.9804898966E-03    1.0542651611E+00
    9.5429331816E-01    1.0518837736E+00   -1.9816446608E-03    1.0518844106E+00
    9.6241496342E-01    1.0492714236E+00   -1.9827429230E-03    1.0492720362E+00
    9.7053660869E-01    1.0464091833E+00   -1.9837782501E-03    1.0464097720E+00
    9.7865825395E-01    1.0432938578E+00   -1.9847433413E-03    1.0432944228E+00
    9.8677989921E-01    1.0399487280E+00   -1.9856312345E-03    1.0399492696E+00
    9.9490154447E-01    1.0364368190E+00   -1.9864376016E-03    1.0364373375E+00
